searching = false
maxSpace = false
CrosswayAmount = 0
orientation = {}
slots = {
  "_",
  "_",
  "_",
  "_",
  "_",
  "_",
  "_",
  "_",
  "_",
  "_",
  "_",
  "_",
  "_",
  "_",
  "_",
  "T",
}
level = 15
index = 2
FuelDemand = 372
startDay = 91
TorchDemand = 13
startTime = 7.486
torchPositions = {
  6,
}
stats = {
  ores = 754,
  time = 0,
  dug = 799,
  moves = 1063,
}
direction = 2
setup = false
cache = {
  5,
  1,
  1,
  2,
  1,
  1,
  1,
  2,
  2,
  1,
  1,
  4,
  4,
  1,
  5,
  3,
  1,
  1,
  2,
  1,
  2,
  1,
  1,
  1,
  1,
  1,
  4,
  1,
  1,
  4,
  1,
  4,
  1,
  2,
  1,
  1,
  5,
  2,
  1,
  1,
  1,
  2,
  2,
  1,
  1,
  1,
  1,
  1,
  1,
  2,
  1,
  2,
  1,
  2,
  2,
  6,
  4,
  1,
  1,
  5,
  3,
  2,
  1,
  1,
  1,
  2,
  1,
  1,
  1,
  2,
  1,
  2,
  1,
  1,
  2,
  2,
  1,
  5,
  1,
  4,
  4,
  1,
  1,
  1,
  1,
  4,
  1,
  1,
  1,
  4,
  4,
  1,
  2,
  1,
  1,
  2,
  1,
  2,
  2,
  4,
  5,
  1,
  4,
  4,
  1,
  1,
  1,
  1,
  1,
  1,
  6,
  2,
  1,
  1,
  1,
  1,
  1,
  1,
  1,
  1,
  4,
  1,
  2,
  2,
  4,
  1,
  1,
  1,
  1,
  1,
  1,
  2,
  2,
  1,
  1,
  1,
  1,
  1,
  4,
  4,
  1,
  1,
  1,
  1,
  2,
  2,
  1,
  1,
  1,
  4,
  1,
  4,
  1,
  2,
  2,
  5,
  2,
  1,
  6,
  2,
  1,
  6,
  3,
  1,
  1,
  2,
  1,
  1,
  2,
  1,
  1,
  1,
  1,
  4,
  1,
  1,
  4,
  4,
  1,
  2,
  2,
  5,
  2,
  5,
  2,
  1,
  2,
  2,
  4,
  5,
  1,
  1,
  4,
  1,
  4,
  1,
  4,
  2,
  4,
  1,
  1,
  2,
  1,
  2,
  2,
  4,
  5,
  1,
  2,
  1,
  1,
  1,
  1,
  2,
  2,
  1,
  1,
  1,
  4,
  1,
  2,
  1,
  2,
  2,
  5,
  1,
  1,
  1,
  1,
  4,
  1,
  1,
  1,
  2,
  1,
  1,
  1,
  1,
  4,
  1,
  1,
  1,
  1,
  4,
  1,
  2,
  2,
  5,
  1,
  2,
  1,
  1,
  1,
  1,
  1,
  2,
  1,
  1,
  1,
  1,
  1,
  1,
  2,
  1,
  1,
  5,
  1,
  4,
  4,
  1,
  1,
  1,
  4,
  1,
  1,
  1,
  1,
  1,
  1,
  2,
  1,
  6,
  2,
  1,
  1,
  1,
  1,
  1,
  1,
  4,
  4,
  1,
  1,
  1,
  5,
  1,
  2,
  2,
  1,
  2,
  1,
  1,
  2,
  1,
  1,
  6,
  1,
  6,
  2,
  2,
  1,
  1,
  2,
  2,
  5,
  3,
  1,
  1,
  1,
  5,
  3,
  2,
  1,
  6,
  1,
  2,
  6,
  2,
  1,
  1,
  2,
  2,
  6,
  3,
  1,
  2,
  1,
  1,
  1,
  1,
  1,
  4,
  4,
  1,
  2,
  1,
  2,
  2,
  5,
  1,
  2,
  1,
  1,
  5,
  1,
  1,
  2,
  5,
  1,
  5,
  3,
  1,
  1,
  1,
  2,
  1,
  1,
  1,
  5,
  3,
  1,
  2,
  1,
  1,
  1,
  1,
  1,
  1,
  1,
  1,
  1,
  1,
  1,
  2,
  1,
  2,
  1,
  2,
  2,
  5,
  1,
  2,
  2,
  1,
  2,
  1,
  1,
  1,
  1,
  1,
  1,
  1,
  1,
  1,
  1,
  2,
  2,
  1,
  1,
  1,
  1,
  1,
  1,
  1,
  6,
  2,
  1,
  1,
  1,
  1,
  1,
  1,
  2,
  2,
  1,
  1,
  1,
  1,
  1,
  1,
  1,
  1,
  5,
  3,
  2,
  1,
  1,
  1,
  1,
  1,
  5,
  3,
  1,
  1,
  1,
  1,
  2,
  2,
  1,
  1,
  1,
}
